data_collection:
  val_test_size: 0.3
  test_size: 0.5

model_building:
  lightgbm_model:
    n_estimators: 9000
    num_leaves: 236
    max_depth: 6
    learning_rate: 0.006311966978191826
    min_child_samples: 24
    min_child_weight: 6.379116369364914
    subsample: 0.6500243384836771
    colsample_bytree: 0.5593775444513366
    reg_alpha: 0.52211989873726
    reg_lambda: 0.0001073523599694438
    scale_pos_weight: 4.665975521765386
    n_jobs: -1
    verbosity: -1
    device: 'gpu'
    eval_metric: 'rmse'
  xgboost_model:
    n_estimators: 9000
    max_depth: 6
    learning_rate: 0.0071396088896475765
    subsample: 0.8146869807529821
    colsample_bytree: 0.7571640144632583
    colsample_bylevel: 0.8274549603684594
    colsample_bynode: 0.9993072612121123
    min_child_weight: 5.078503708236533
    reg_alpha: 0.011904009660898248
    reg_lambda: 9.715578353624078
    gamma: 5.818367762332288
    scale_pos_weight: 1.5471668552426174
    n_jobs: -1
    device: 'cuda'
    eval_metric: 'rmse'
  catboost_model:
    iterations: 4000
    depth: 6
    learning_rate: 0.01663353404236392
    l2_leaf_reg: 0.09317053059854435
    bagging_temperature: 0.3986008366962339
    random_strength: 6.617040521865976
    border_count: 221
    grow_policy: 'SymmetricTree'
    boosting_type: 'Plain'
    task_type: 'CPU'
    eval_metric: 'RMSE'
    early_stopping_rounds: 100
